#Layer_Color=16711935
#
#Feature symbol names
#
$0 r3.937

#
#Feature attribute names
#

#
#Layer features
#
L 0.1845669 0.2939765 0.1845669 0.4160237 0 P 0
L 0.1845669 0.2939765 0.2554331 0.2939765 0 P 0
L 0.1845669 0.4160237 0.2554331 0.4160237 0 P 0
L 0.2554331 0.2939765 0.2554331 0.4160237 0 P 0
L 0.404252 0.3521259 0.42 0.3678739 0 P 0
L 0.404252 0.3521259 0.435748 0.3521259 0 P 0
L 0.404252 0.3678739 0.435748 0.3678739 0 P 0
L 0.42 0.3442519 0.42 0.3757479 0 P 0
L 0.42 0.3678739 0.435748 0.3521259 0 P 0
L 0.4403544 0.3598031 0.4521654 0.3479921 0 P 0
L 0.4442914 0.3676771 0.4561025 0.3558661 0 P 0
L 0.4744094 0.1725196 0.4744094 0.2874802 0 P 0
L 0.4744094 0.1725196 0.4744094 0.2874802 0 P 0
L 0.4744094 0.1725196 0.4744094 0.2874802 0 P 0
L 0.4744094 0.1725196 0.5255905 0.1725196 0 P 0
L 0.4744094 0.1725196 0.5255905 0.1725196 0 P 0
L 0.4744094 0.1725196 0.5255905 0.1725196 0 P 0
L 0.4744094 0.2874802 0.5255905 0.2874802 0 P 0
L 0.4744094 0.2874802 0.5255905 0.2874802 0 P 0
L 0.4744094 0.2874802 0.5255905 0.2874802 0 P 0
L 0.5092521 0.405 0.5407481 0.405 0 P 0
L 0.5171261 0.389252 0.5171261 0.420748 0 P 0
L 0.5171261 0.405 0.5328741 0.389252 0 P 0
L 0.5171261 0.405 0.5328741 0.420748 0 P 0
L 0.5173229 0.4292914 0.5291339 0.4411025 0 P 0
L 0.5251969 0.4253544 0.5370079 0.4371654 0 P 0
L 0.5255905 0.1725196 0.5255905 0.2874802 0 P 0
L 0.5255905 0.1725196 0.5255905 0.2874802 0 P 0
L 0.5255905 0.1725196 0.5255905 0.2874802 0 P 0
L 0.5328741 0.389252 0.5328741 0.420748 0 P 0
