#Layer_Physical_Order=2
#Layer_Color=16711680
#
#Feature symbol names
#
$0 r10
$1 oct472.4409x905.5118x118.1102
$2 r118.1102
$3 r19.685

#
#Feature attribute names
#
@0 .geometry
@1 .pad_usage
@2 .smd

#
#Feature attribute text strings
#
&0 SMD_RoundX472.4409Y905.5118
&1 Pad_Simple_X118.1102Y118.1102H86.6142C126.6142
&2 VIA_RoundD19.6850H11.8110C51.8110

#
#Layer features
#
A 0.0468701 0.2658315 0.0954315 0.3009268 0.0446849 0.32 0 P 0 N
A 0.0468701 0.4901575 0.0591338 0.4933955 0.0468701 0.515 0 P 0 N
A 0.0558522 0.487191 0.0468701 0.4897462 0.044685 0.465 0 P 0 N
A 0.0591338 0.4933955 0.0558522 0.487191 0.105315 0.465 0 P 0 N
A 0.0701126 0.5062287 0.0717126 0.515 0.0468701 0.515 0 P 0 N
A 0.0717126 0.515 0.0468701 0.5398425 0.0468701 0.515 0 P 0 N
A 0.1523173 1.504463 0.1456709 1.5277559 0.0787402 1.496063 0 P 0 N
A 0.1554492 0.4443707 0.1595276 0.465 0.105315 0.465 0 P 0 N
A 0.1595276 0.465 0.0701127 0.5062287 0.105315 0.465 0 P 0 N
A 0.2106797 0.2349332 0.2256379 0.2169891 0.235 0.24 0 P 0 N
A 0.2256379 0.2169891 0.3248013 0.2223048 0.2740547 0.241378 0 P 0 N
A 0.2292024 0.3560501 0.1940732 0.4057467 0.175 0.3550001 0 P 0 N
A 0.2598425 0.165 0.2598425 0.165 0.235 0.165 0 P 0 N
A 0.2999607 0.3550001 0.2999607 0.3550001 0.2751182 0.3550001 0 P 0 N
A 0.3048425 0.13 0.3048425 0.13 0.28 0.13 0 P 0 N
A 0.3076767 0.3243701 0.2740784 0.3111741 0.3076767 0.275 0 P 0 N
A 0.3076767 0.3243701 0.2740784 0.3111741 0.3076767 0.275 0 P 0 N
A 0.3626416 0.3463855 0.3251655 0.3243701 0.35 0.325 0 P 0 N
A 0.365 0.2256299 0.3999099 0.2400901 0.365 0.275 0 P 0 N
A 0.365 0.2256299 0.3999575 0.2401377 0.365 0.275 0 P 0 N
A 0.3845276 0.475 0.3845276 0.475 0.3596851 0.475 0 P 0 N
A 0.4290732 0.2692534 0.4642126 0.32 0.41 0.32 0 P 0 N
A 0.4448803 1.5277559 0.4382339 1.504463 0.511811 1.496063 0 P 0 N
A 0.4642126 0.32 0.3626417 0.3463855 0.41 0.32 0 P 0 N
A 0.5348425 0.475 0.5348425 0.475 0.51 0.475 0 P 0 N
L 0.0238424 0.2880277 0.0238424 0.4438424 0 P 0
L 0.0238424 0.2880277 0.0468701 0.265 0 P 0
L 0.0238424 0.4438424 0.0475 0.4675 0 P 0
L 0.0446849 0.32 0.079685 0.3550001 0 P 0
L 0.0468701 0.0468701 0.0468701 0.2658315 0 P 0
L 0.0468701 0.0468701 0.5436811 0.0468701 0 P 0
L 0.0468701 0.055 0.5436811 0.055 0 P 0
L 0.0468701 0.065 0.5436811 0.065 0 P 0
L 0.0468701 0.075 0.5436811 0.075 0 P 0
L 0.0468701 0.085 0.5436811 0.085 0 P 0
L 0.0468701 0.095 0.5436811 0.095 0 P 0
L 0.0468701 0.105 0.5436811 0.105 0 P 0
L 0.0468701 0.115 0.2601972 0.115 0 P 0
L 0.0468701 0.125 0.2556659 0.125 0 P 0
L 0.0468701 0.135 0.2556659 0.135 0 P 0
L 0.0468701 0.145 0.220264 0.145 0 P 0
L 0.0468701 0.155 0.2122591 0.155 0 P 0
L 0.0468701 0.165 0.2101575 0.165 0 P 0
L 0.0468701 0.175 0.2122591 0.175 0 P 0
L 0.0468701 0.185 0.220264 0.185 0 P 0
L 0.0468701 0.195 0.2459818 0.195 0 P 0
L 0.0468701 0.205 0.2338596 0.205 0 P 0
L 0.0468701 0.215 0.2266922 0.215 0 P 0
L 0.0468701 0.225 0.2151972 0.225 0 P 0
L 0.0468701 0.235 0.2106129 0.235 0 P 0
L 0.0468701 0.245 0.2006129 0.245 0 P 0
L 0.0468701 0.255 0.1906129 0.255 0 P 0
L 0.0468701 0.265 0.1806129 0.265 0 P 0
L 0.0468701 0.4951575 0.0468701 0.515 0 P 0
L 0.0468701 0.515 0.0468701 0.5348425 0 P 0
L 0.0468701 0.515 0.0667126 0.515 0 P 0
L 0.0468701 0.5398425 0.0468701 0.6209842 0 P 0
L 0.0468701 0.545 0.1228543 0.545 0 P 0
L 0.0468701 0.555 0.1128543 0.555 0 P 0
L 0.0468701 0.565 0.1028543 0.565 0 P 0
L 0.0468701 0.575 0.0928543 0.575 0 P 0
L 0.0468701 0.585 0.0828543 0.585 0 P 0
L 0.0468701 0.595 0.0728543 0.595 0 P 0
L 0.0468701 0.605 0.0628543 0.605 0 P 0
L 0.0468701 0.615 0.0528543 0.615 0 P 0
L 0.0468701 0.6209842 0.1549803 0.512874 0 P 0
L 0.055 0.0468701 0.055 0.2667778 0 P 0
L 0.055 0.4875998 0.055 0.4915254 0 P 0
L 0.055 0.5384746 0.055 0.6128543 0 P 0
L 0.0616061 0.535 0.1328543 0.535 0 P 0
L 0.065 0.0468701 0.065 0.2697377 0 P 0
L 0.065 0.531984 0.065 0.6028543 0 P 0
L 0.069611 0.525 0.1428543 0.525 0 P 0
L 0.0717126 0.515 0.0843625 0.515 0 P 0
L 0.0749174 0.275 0.1706129 0.275 0 P 0
L 0.075 0.0468701 0.075 0.2750556 0 P 0
L 0.075 0.5099445 0.075 0.5928543 0 P 0
L 0.0787402 1.496063 0.1477953 1.496063 0 P 0
L 0.079685 0.3550001 0.175 0.3550001 0 P 0
L 0.085 0.0468701 0.085 0.283755 0 P 0
L 0.085 0.5152624 0.085 0.5828543 0 P 0
L 0.0860855 0.285 0.1606129 0.285 0 P 0
L 0.092789 0.295 0.1506129 0.295 0 P 0
L 0.095 0.0468701 0.095 0.2998159 0 P 0
L 0.095 0.5182222 0.095 0.5728543 0 P 0
L 0.0954315 0.3009268 0.1001347 0.30563 0 P 0
L 0.0995047 0.305 0.1406129 0.305 0 P 0
L 0.1001347 0.30563 0.1399832 0.30563 0 P 0
L 0.105 0.0468701 0.105 0.30563 0 P 0
L 0.105 0.5192117 0.105 0.5628543 0 P 0
L 0.105315 0.4246851 0.105315 0.465 0 P 0
L 0.105315 0.4246851 0.175 0.3550001 0 P 0
L 0.115 0.0468701 0.115 0.30563 0 P 0
L 0.115 0.5183405 0.115 0.5528543 0 P 0
L 0.125 0.0468701 0.125 0.30563 0 P 0
L 0.125 0.5155124 0.125 0.5428543 0 P 0
L 0.1262675 0.515 0.1528543 0.515 0 P 0
L 0.135 0.0468701 0.135 0.30563 0 P 0
L 0.135 0.5103631 0.135 0.5328543 0 P 0
L 0.1401377 0.3054752 0.2106797 0.2349332 0 P 0
L 0.1419074 0.505 0.5436811 0.505 0 P 0
L 0.145 0.0468701 0.145 0.3006129 0 P 0
L 0.145 0.5019338 0.145 0.5228543 0 P 0
L 0.1456709 1.5277559 0.4448803 1.5277559 0 P 0
L 0.1469077 1.525 0.4436435 1.525 0 P 0
L 0.1503331 1.515 0.4402181 1.515 0 P 0
L 0.1504704 0.495 0.3449491 0.495 0 P 0
L 0.1523173 1.504463 0.1549803 1.507126 0 P 0
L 0.1549803 0.512874 0.4355709 0.512874 0 P 0
L 0.1549803 1.507126 0.4355709 1.507126 0 P 0
L 0.155 0.0468701 0.155 0.2906129 0 P 0
L 0.155 0.4866889 0.155 0.512874 0 P 0
L 0.155 1.507126 0.155 1.5277559 0 P 0
L 0.1554492 0.4443707 0.1940732 0.4057467 0 P 0
L 0.1557036 0.445 0.5436811 0.445 0 P 0
L 0.1557036 0.485 0.3369442 0.485 0 P 0
L 0.1585973 0.455 0.3449491 0.455 0 P 0
L 0.1585973 0.475 0.3348426 0.475 0 P 0
L 0.1595276 0.465 0.3369442 0.465 0 P 0
L 0.1648199 0.435 0.5436811 0.435 0 P 0
L 0.165 0.0468701 0.165 0.2806129 0 P 0
L 0.165 0.4348199 0.165 0.512874 0 P 0
L 0.165 1.507126 0.165 1.5277559 0 P 0
L 0.1748199 0.425 0.5436811 0.425 0 P 0
L 0.175 0.0468701 0.175 0.2706129 0 P 0
L 0.175 0.3404327 0.175 0.3550001 0 P 0
L 0.175 0.3404327 0.2740547 0.241378 0 P 0
L 0.175 0.4248199 0.175 0.512874 0 P 0
L 0.175 1.507126 0.175 1.5277559 0 P 0
L 0.1848199 0.415 0.5436811 0.415 0 P 0
L 0.185 0.0468701 0.185 0.2606129 0 P 0
L 0.185 0.4148199 0.185 0.512874 0 P 0
L 0.185 1.507126 0.185 1.5277559 0 P 0
L 0.195 0.0468701 0.195 0.2506129 0 P 0
L 0.195 0.4053887 0.195 0.512874 0 P 0
L 0.195 1.507126 0.195 1.5277559 0 P 0
L 0.1959527 0.405 0.5436811 0.405 0 P 0
L 0.205 0.0468701 0.205 0.2406129 0 P 0
L 0.205 0.4001555 0.205 0.512874 0 P 0
L 0.205 1.507126 0.205 1.5277559 0 P 0
L 0.2115925 0.395 0.5436811 0.395 0 P 0
L 0.215 0.0468701 0.215 0.150264 0 P 0
L 0.215 0.179736 0.215 0.225264 0 P 0
L 0.215 0.3915925 0.215 0.512874 0 P 0
L 0.215 1.507126 0.215 1.5277559 0 P 0
L 0.2151575 0.165 0.235 0.165 0 P 0
L 0.2201554 0.385 0.5436811 0.385 0 P 0
L 0.225 0.0468701 0.225 0.1422591 0 P 0
L 0.225 0.1877409 0.225 0.2172591 0 P 0
L 0.225 0.3759526 0.225 0.512874 0 P 0
L 0.225 1.507126 0.225 1.5277559 0 P 0
L 0.2253886 0.375 0.2603821 0.375 0 P 0
L 0.2282823 0.365 0.2523772 0.365 0 P 0
L 0.2292024 0.3560501 0.2740784 0.3111741 0 P 0
L 0.2302525 0.355 0.2502757 0.355 0 P 0
L 0.235 0.0468701 0.235 0.1401575 0 P 0
L 0.235 0.1451575 0.235 0.165 0 P 0
L 0.235 0.165 0.235 0.1848425 0 P 0
L 0.235 0.165 0.2548425 0.165 0 P 0
L 0.235 0.1898425 0.235 0.2037783 0 P 0
L 0.235 0.3502525 0.235 0.512874 0 P 0
L 0.235 1.507126 0.235 1.5277559 0 P 0
L 0.2402525 0.345 0.2523773 0.345 0 P 0
L 0.245 0.0468701 0.245 0.1422591 0 P 0
L 0.245 0.1877409 0.245 0.1956087 0 P 0
L 0.245 0.3402525 0.245 0.512874 0 P 0
L 0.245 1.507126 0.245 1.5277559 0 P 0
L 0.249736 0.145 0.2601972 0.145 0 P 0
L 0.249736 0.185 0.5436811 0.185 0 P 0
L 0.2502525 0.335 0.2603823 0.335 0 P 0
L 0.255 0.0468701 0.255 0.150264 0 P 0
L 0.255 0.179736 0.255 0.1906244 0 P 0
L 0.255 0.3302525 0.255 0.3404259 0 P 0
L 0.255 0.3695743 0.255 0.512874 0 P 0
L 0.255 1.507126 0.255 1.5277559 0 P 0
L 0.2552757 0.3550001 0.2751182 0.3550001 0 P 0
L 0.2577409 0.155 0.5436811 0.155 0 P 0
L 0.2577409 0.175 0.5436811 0.175 0 P 0
L 0.2598425 0.165 0.5436811 0.165 0 P 0
L 0.2601575 0.13 0.28 0.13 0 P 0
L 0.2602525 0.325 0.3251575 0.325 0 P 0
L 0.265 0.0468701 0.265 0.1101972 0 P 0
L 0.265 0.1498028 0.265 0.1879269 0 P 0
L 0.265 0.3202525 0.265 0.3323115 0 P 0
L 0.265 0.3776887 0.265 0.512874 0 P 0
L 0.265 1.507126 0.265 1.5277559 0 P 0
L 0.2702525 0.315 0.2787387 0.315 0 P 0
L 0.2740547 0.241378 0.3076767 0.275 0 P 0
L 0.275 0.0468701 0.275 0.1056659 0 P 0
L 0.275 0.1543341 0.275 0.1871736 0 P 0
L 0.275 0.3120086 0.275 0.3301579 0 P 0
L 0.275 0.3798423 0.275 0.512874 0 P 0
L 0.275 1.507126 0.275 1.5277559 0 P 0
L 0.2751182 0.3351576 0.2751182 0.3550001 0 P 0
L 0.2751182 0.3550001 0.2751182 0.3748426 0 P 0
L 0.2751182 0.3550001 0.2949607 0.3550001 0 P 0
L 0.28 0.1101575 0.28 0.13 0 P 0
L 0.28 0.13 0.28 0.1498425 0 P 0
L 0.28 0.13 0.2998425 0.13 0 P 0
L 0.285 0.0468701 0.285 0.1056659 0 P 0
L 0.285 0.1543341 0.285 0.1882818 0 P 0
L 0.285 0.318854 0.285 0.3322076 0 P 0
L 0.285 0.3777926 0.285 0.512874 0 P 0
L 0.285 1.507126 0.285 1.5277559 0 P 0
L 0.2898541 0.335 0.3272591 0.335 0 P 0
L 0.2898543 0.375 0.5436811 0.375 0 P 0
L 0.295 0.0468701 0.295 0.1101972 0 P 0
L 0.295 0.1498028 0.295 0.191375 0 P 0
L 0.295 0.3227149 0.295 0.340105 0 P 0
L 0.295 0.3698952 0.295 0.512874 0 P 0
L 0.295 1.507126 0.295 1.5277559 0 P 0
L 0.2978591 0.345 0.335264 0.345 0 P 0
L 0.2978592 0.365 0.3797675 0.365 0 P 0
L 0.2998028 0.115 0.5436811 0.115 0 P 0
L 0.2998028 0.145 0.5436811 0.145 0 P 0
L 0.2999607 0.355 0.3685994 0.355 0 P 0
L 0.3021276 0.195 0.5436811 0.195 0 P 0
L 0.3043341 0.125 0.5436811 0.125 0 P 0
L 0.3043341 0.135 0.5436811 0.135 0 P 0
L 0.305 0.0468701 0.305 0.1968651 0 P 0
L 0.305 0.3242975 0.305 0.512874 0 P 0
L 0.305 1.507126 0.305 1.5277559 0 P 0
L 0.3076767 0.275 0.365 0.275 0 P 0
L 0.3076767 0.3243701 0.3251655 0.3243701 0 P 0
L 0.3142498 0.205 0.5436811 0.205 0 P 0
L 0.315 0.0468701 0.315 0.2058465 0 P 0
L 0.315 0.3243701 0.315 0.512874 0 P 0
L 0.315 1.507126 0.315 1.5277559 0 P 0
L 0.3214172 0.215 0.5436811 0.215 0 P 0
L 0.3248013 0.2223048 0.3281264 0.2256299 0 P 0
L 0.325 0.0468701 0.325 0.2225035 0 P 0
L 0.325 0.3243701 0.325 0.512874 0 P 0
L 0.325 1.507126 0.325 1.5277559 0 P 0
L 0.3274965 0.225 0.5436811 0.225 0 P 0
L 0.3281264 0.2256299 0.365 0.2256299 0 P 0
L 0.335 0.0468701 0.335 0.2256299 0 P 0
L 0.335 0.3448028 0.335 0.4722079 0 P 0
L 0.335 0.4777921 0.335 0.512874 0 P 0
L 0.335 1.507126 0.335 1.5277559 0 P 0
L 0.3398426 0.475 0.3596851 0.475 0 P 0
L 0.345 0.0468701 0.345 0.2256299 0 P 0
L 0.345 0.3493341 0.345 0.4549626 0 P 0
L 0.345 0.4950374 0.345 0.512874 0 P 0
L 0.345 1.507126 0.345 1.5277559 0 P 0
L 0.355 0.0468701 0.355 0.2256299 0 P 0
L 0.355 0.3493341 0.355 0.4506033 0 P 0
L 0.355 0.4993967 0.355 0.512874 0 P 0
L 0.355 1.507126 0.355 1.5277559 0 P 0
L 0.3596851 0.4551575 0.3596851 0.475 0 P 0
L 0.3596851 0.475 0.3596851 0.4948425 0 P 0
L 0.3596851 0.475 0.3795276 0.475 0 P 0
L 0.3596851 0.475 0.51 0.475 0 P 0
L 0.365 0.0468701 0.365 0.2256299 0 P 0
L 0.365 0.275 0.41 0.32 0 P 0
L 0.365 0.3502325 0.365 0.4507327 0 P 0
L 0.365 0.4992673 0.365 0.512874 0 P 0
L 0.365 1.507126 0.365 1.5277559 0 P 0
L 0.3744211 0.455 0.495264 0.455 0 P 0
L 0.3744211 0.495 0.495264 0.495 0 P 0
L 0.375 0.0468701 0.375 0.2266533 0 P 0
L 0.375 0.3614006 0.375 0.4554397 0 P 0
L 0.375 0.4945603 0.375 0.512874 0 P 0
L 0.375 1.507126 0.375 1.5277559 0 P 0
L 0.382426 0.465 0.4872591 0.465 0 P 0
L 0.382426 0.485 0.4872591 0.485 0 P 0
L 0.3845276 0.475 0.4851575 0.475 0 P 0
L 0.385 0.0468701 0.385 0.2298624 0 P 0
L 0.385 0.3681041 0.385 0.512874 0 P 0
L 0.385 1.507126 0.385 1.5277559 0 P 0
L 0.393938 0.235 0.5436811 0.235 0 P 0
L 0.395 0.0468701 0.395 0.2357902 0 P 0
L 0.395 0.3720961 0.395 0.512874 0 P 0
L 0.395 1.507126 0.395 1.5277559 0 P 0
L 0.3999575 0.2401377 0.4290732 0.2692534 0 P 0
L 0.4048198 0.245 0.5436811 0.245 0 P 0
L 0.405 0.0468701 0.405 0.2451802 0 P 0
L 0.405 0.3739815 0.405 0.512874 0 P 0
L 0.405 1.507126 0.405 1.5277559 0 P 0
L 0.4148198 0.255 0.5436811 0.255 0 P 0
L 0.415 0.0468701 0.415 0.2551802 0 P 0
L 0.415 0.3739815 0.415 0.512874 0 P 0
L 0.415 1.507126 0.415 1.5277559 0 P 0
L 0.4248198 0.265 0.5436811 0.265 0 P 0
L 0.425 0.0468701 0.425 0.2651802 0 P 0
L 0.425 0.3720961 0.425 0.512874 0 P 0
L 0.425 1.507126 0.425 1.5277559 0 P 0
L 0.435 0.0468701 0.435 0.2718959 0 P 0
L 0.435 0.3681041 0.435 0.512874 0 P 0
L 0.435 1.507126 0.435 1.5277559 0 P 0
L 0.4355709 0.512874 0.5436811 0.6209842 0 P 0
L 0.4355709 1.507126 0.4382339 1.504463 0 P 0
L 0.4376969 0.515 0.5436811 0.515 0 P 0
L 0.4402325 0.275 0.5436811 0.275 0 P 0
L 0.4402325 0.365 0.5436811 0.365 0 P 0
L 0.4427559 1.496063 0.511811 1.496063 0 P 0
L 0.445 0.0468701 0.445 0.2785994 0 P 0
L 0.445 0.3614006 0.445 0.5223031 0 P 0
L 0.4476969 0.525 0.5436811 0.525 0 P 0
L 0.4514006 0.285 0.5436811 0.285 0 P 0
L 0.4514006 0.355 0.5436811 0.355 0 P 0
L 0.455 0.0468701 0.455 0.2897675 0 P 0
L 0.455 0.3502325 0.455 0.5323031 0 P 0
L 0.4576969 0.535 0.5436811 0.535 0 P 0
L 0.4581041 0.295 0.5436811 0.295 0 P 0
L 0.4581041 0.345 0.5436811 0.345 0 P 0
L 0.4620961 0.305 0.5436811 0.305 0 P 0
L 0.4620961 0.335 0.5436811 0.335 0 P 0
L 0.4639815 0.315 0.5436811 0.315 0 P 0
L 0.4639815 0.325 0.5436811 0.325 0 P 0
L 0.465 0.0468701 0.465 0.5423031 0 P 0
L 0.4676969 0.545 0.5436811 0.545 0 P 0
L 0.475 0.0468701 0.475 0.5523031 0 P 0
L 0.4776969 0.555 0.5436811 0.555 0 P 0
L 0.485 0.0468701 0.485 0.5623031 0 P 0
L 0.4876969 0.565 0.5436811 0.565 0 P 0
L 0.4901575 0.475 0.51 0.475 0 P 0
L 0.495 0.0468701 0.495 0.4551972 0 P 0
L 0.495 0.4948028 0.495 0.5723031 0 P 0
L 0.4976969 0.575 0.5436811 0.575 0 P 0
L 0.505 0.0468701 0.505 0.4506659 0 P 0
L 0.505 0.4993341 0.505 0.5823031 0 P 0
L 0.5076969 0.585 0.5436811 0.585 0 P 0
L 0.51 0.4551575 0.51 0.475 0 P 0
L 0.51 0.475 0.51 0.4948425 0 P 0
L 0.51 0.475 0.5298425 0.475 0 P 0
L 0.515 0.0468701 0.515 0.4506659 0 P 0
L 0.515 0.4993341 0.515 0.5923031 0 P 0
L 0.5176969 0.595 0.5436811 0.595 0 P 0
L 0.524736 0.455 0.5436811 0.455 0 P 0
L 0.524736 0.495 0.5436811 0.495 0 P 0
L 0.525 0.0468701 0.525 0.4551972 0 P 0
L 0.525 0.4948028 0.525 0.6023031 0 P 0
L 0.5276969 0.605 0.5436811 0.605 0 P 0
L 0.5327409 0.465 0.5436811 0.465 0 P 0
L 0.5327409 0.485 0.5436811 0.485 0 P 0
L 0.5348425 0.475 0.5436811 0.475 0 P 0
L 0.535 0.0468701 0.535 0.6123031 0 P 0
L 0.5376969 0.615 0.5436811 0.615 0 P 0
L 0.5436811 0.0468701 0.5436811 0.6209842 0 P 0
P 0.0787402 1.496063 2 P 0 0 ;0=1,1=0
P 0.2952756 1.01 1 P 0 0 ;0=0,1=0,2
P 0.511811 1.496063 2 P 0 0 ;0=1,1=0
P 0.0446849 0.32 3 P 0 0 ;0=2,1=1
P 0.044685 0.465 3 P 0 0 ;0=2,1=1
P 0.0468701 0.515 3 P 0 0 ;0=2,1=1
P 0.105315 0.465 3 P 0 0 ;0=2,1=1
P 0.175 0.3550001 3 P 0 0 ;0=2,1=1
P 0.235 0.165 3 P 0 0 ;0=2,1=1
P 0.235 0.24 3 P 0 0 ;0=2,1=1
P 0.2740547 0.241378 3 P 0 0 ;0=2,1=1
P 0.2751182 0.3550001 3 P 0 0 ;0=2,1=1
P 0.28 0.13 3 P 0 0 ;0=2,1=1
P 0.2952756 1.01 3 P 0 0 ;0=2,1=1
P 0.35 0.325 3 P 0 0 ;0=2,1=1
P 0.3596851 0.475 3 P 0 0 ;0=2,1=1
P 0.41 0.32 3 P 0 0 ;0=2,1=1
P 0.51 0.475 3 P 0 0 ;0=2,1=1
