#Layer_Physical_Order=1
#Layer_Color=255
#
#Feature symbol names
#
$0 r10
$1 rect36.6142x38.5827
$2 rect38.5827x36.6142
$3 rect19.685x49.2126
$4 rect78.7402x98.4252
$5 rect43.3071x23.622
$6 rect49.2126x27.5591
$7 rect80x75
$8 r118.1102
$9 r19.685

#
#Feature attribute names
#
@0 .geometry
@1 .pad_usage
@2 .smd

#
#Feature attribute text strings
#
&0 SMD_RectX36.6142Y38.5827
&1 SMD_RectX38.5827Y36.6142
&2 SMD_RectX19.6850Y49.2126
&3 SMD_RectX78.7402Y98.4252
&4 SMD_RectX43.3071Y23.6220
&5 SMD_RectX49.2126Y27.5591
&6 Pad_Simple_X118.1102Y118.1102H86.6142C126.6142
&7 VIA_RoundD19.6850H11.8110C51.8110

#
#Layer features
#
A 0.0468701 1.4292165 0.1527953 1.496063 0.0787402 1.496063 0 P 0 N
A 0.0676189 0.5286615 0.0468701 0.5398425 0.0468701 0.515 0 P 0 N
A 0.1527953 1.496063 0.1456709 1.5277559 0.0787402 1.496063 0 P 0 N
A 0.4448803 1.5277559 0.5436811 1.4292165 0.511811 1.496063 0 P 0 N
A 0.5340203 0.4686615 0.5348425 0.475 0.51 0.475 0 P 0 N
A 0.5348425 0.475 0.4859797 0.4686615 0.51 0.475 0 P 0 N
L 0.0446849 0.32 0.0446849 0.395 0 P 0
L 0.044685 0.465 0.0468701 0.4671851 0 P 0
L 0.0468701 0.4671851 0.0468701 0.515 0 P 0
L 0.0468701 0.515 0.0468701 0.5348425 0 P 0
L 0.0468701 0.5398425 0.0468701 1.4292165 0 P 0
L 0.0468701 0.545 0.2257481 0.545 0 P 0
L 0.0468701 0.555 0.1699998 0.555 0 P 0
L 0.0468701 0.565 0.1599998 0.565 0 P 0
L 0.0468701 0.575 0.1499998 0.575 0 P 0
L 0.0468701 0.585 0.1399998 0.585 0 P 0
L 0.0468701 0.595 0.1299998 0.595 0 P 0
L 0.0468701 0.605 0.1199998 0.605 0 P 0
L 0.0468701 0.615 0.1099998 0.615 0 P 0
L 0.0468701 0.625 0.0999998 0.625 0 P 0
L 0.0468701 0.635 0.0899998 0.635 0 P 0
L 0.0468701 0.645 0.0799998 0.645 0 P 0
L 0.0468701 0.655 0.0699998 0.655 0 P 0
L 0.0468701 0.665 0.0599998 0.665 0 P 0
L 0.0468701 0.675 0.0509349 0.675 0 P 0
L 0.0468701 0.685 0.0509349 0.685 0 P 0
L 0.0468701 0.695 0.0509349 0.695 0 P 0
L 0.0468701 0.705 0.0509349 0.705 0 P 0
L 0.0468701 0.715 0.0509349 0.715 0 P 0
L 0.0468701 0.725 0.0509349 0.725 0 P 0
L 0.0468701 0.735 0.0509349 0.735 0 P 0
L 0.0468701 0.745 0.0509349 0.745 0 P 0
L 0.0468701 0.755 0.0509349 0.755 0 P 0
L 0.0468701 0.765 0.0509349 0.765 0 P 0
L 0.0468701 0.775 0.0509349 0.775 0 P 0
L 0.0468701 0.785 0.0509349 0.785 0 P 0
L 0.0468701 0.795 0.0509349 0.795 0 P 0
L 0.0468701 0.805 0.0509349 0.805 0 P 0
L 0.0468701 0.815 0.0509349 0.815 0 P 0
L 0.0468701 0.825 0.0509349 0.825 0 P 0
L 0.0468701 0.835 0.0509349 0.835 0 P 0
L 0.0468701 0.845 0.0509349 0.845 0 P 0
L 0.0468701 0.855 0.0509349 0.855 0 P 0
L 0.0468701 0.865 0.0509349 0.865 0 P 0
L 0.0468701 0.875 0.0509349 0.875 0 P 0
L 0.0468701 0.885 0.0509349 0.885 0 P 0
L 0.0468701 0.895 0.0509349 0.895 0 P 0
L 0.0468701 0.905 0.0509349 0.905 0 P 0
L 0.0468701 0.915 0.0509349 0.915 0 P 0
L 0.0468701 0.925 0.0509349 0.925 0 P 0
L 0.0468701 0.935 0.0509349 0.935 0 P 0
L 0.0468701 0.945 0.0509349 0.945 0 P 0
L 0.0468701 0.955 0.0509349 0.955 0 P 0
L 0.0468701 0.965 0.0509349 0.965 0 P 0
L 0.0468701 0.975 0.0509349 0.975 0 P 0
L 0.0468701 0.985 0.0509349 0.985 0 P 0
L 0.0468701 0.995 0.0509349 0.995 0 P 0
L 0.0468701 1.005 0.0509349 1.005 0 P 0
L 0.0468701 1.015 0.050935 1.015 0 P 0
L 0.0468701 1.025 0.050935 1.025 0 P 0
L 0.0468701 1.035 0.050935 1.035 0 P 0
L 0.0468701 1.045 0.050935 1.045 0 P 0
L 0.0468701 1.055 0.050935 1.055 0 P 0
L 0.0468701 1.065 0.050935 1.065 0 P 0
L 0.0468701 1.075 0.050935 1.075 0 P 0
L 0.0468701 1.085 0.050935 1.085 0 P 0
L 0.0468701 1.095 0.050935 1.095 0 P 0
L 0.0468701 1.105 0.050935 1.105 0 P 0
L 0.0468701 1.115 0.050935 1.115 0 P 0
L 0.0468701 1.125 0.050935 1.125 0 P 0
L 0.0468701 1.135 0.050935 1.135 0 P 0
L 0.0468701 1.145 0.050935 1.145 0 P 0
L 0.0468701 1.155 0.050935 1.155 0 P 0
L 0.0468701 1.165 0.050935 1.165 0 P 0
L 0.0468701 1.175 0.050935 1.175 0 P 0
L 0.0468701 1.185 0.050935 1.185 0 P 0
L 0.0468701 1.195 0.050935 1.195 0 P 0
L 0.0468701 1.205 0.050935 1.205 0 P 0
L 0.0468701 1.215 0.050935 1.215 0 P 0
L 0.0468701 1.225 0.050935 1.225 0 P 0
L 0.0468701 1.235 0.050935 1.235 0 P 0
L 0.0468701 1.245 0.050935 1.245 0 P 0
L 0.0468701 1.255 0.050935 1.255 0 P 0
L 0.0468701 1.265 0.050935 1.265 0 P 0
L 0.0468701 1.275 0.050935 1.275 0 P 0
L 0.0468701 1.285 0.050935 1.285 0 P 0
L 0.0468701 1.295 0.050935 1.295 0 P 0
L 0.0468701 1.305 0.050935 1.305 0 P 0
L 0.0468701 1.315 0.050935 1.315 0 P 0
L 0.0468701 1.325 0.050935 1.325 0 P 0
L 0.0468701 1.335 0.050935 1.335 0 P 0
L 0.0468701 1.345 0.050935 1.345 0 P 0
L 0.0468701 1.355 0.06 1.355 0 P 0
L 0.0468701 1.365 0.07 1.365 0 P 0
L 0.0468701 1.375 0.08 1.375 0 P 0
L 0.0468701 1.385 0.09 1.385 0 P 0
L 0.0468701 1.395 0.1 1.395 0 P 0
L 0.0468701 1.405 0.11 1.405 0 P 0
L 0.0468701 1.415 0.12 1.415 0 P 0
L 0.0468701 1.425 0.0579025 1.425 0 P 0
L 0.0509349 0.6740649 0.050935 1.345935 0 P 0
L 0.0509349 0.6740649 0.1749999 0.5499999 0 P 0
L 0.050935 1.345935 0.175 1.47 0 P 0
L 0.055 0.5384746 0.055 0.6699998 0 P 0
L 0.055 1.35 0.055 1.4259163 0 P 0
L 0.0616061 0.535 0.2257481 0.535 0 P 0
L 0.065 0.531984 0.065 0.6599998 0 P 0
L 0.065 1.36 0.065 1.4232937 0 P 0
L 0.0676189 0.5286615 0.1679922 0.5286615 0 P 0
L 0.075 0.5286615 0.075 0.6499998 0 P 0
L 0.075 1.37 0.075 1.4221024 0 P 0
L 0.0787402 1.4270079 0.0787402 1.496063 0 P 0
L 0.0787402 1.496063 0.1477953 1.496063 0 P 0
L 0.085 0.5286615 0.085 0.6399998 0 P 0
L 0.085 1.38 0.085 1.4222729 0 P 0
L 0.095 0.5286615 0.095 0.6299998 0 P 0
L 0.095 1.39 0.095 1.423815 0 P 0
L 0.0995779 1.425 0.13 1.425 0 P 0
L 0.105 0.5286615 0.105 0.6199998 0 P 0
L 0.105 1.4 0.105 1.4268201 0 P 0
L 0.1053149 0.32 0.1624805 0.32 0 P 0
L 0.1053149 0.395 0.1622836 0.395 0 P 0
L 0.115 0.5286615 0.115 0.6099998 0 P 0
L 0.115 1.41 0.115 1.4314922 0 P 0
L 0.1206385 1.435 0.14 1.435 0 P 0
L 0.125 0.5286615 0.125 0.5999998 0 P 0
L 0.125 1.42 0.125 1.438234 0 P 0
L 0.1323753 1.445 0.15 1.445 0 P 0
L 0.135 0.5286615 0.135 0.5899998 0 P 0
L 0.135 1.43 0.135 1.4479071 0 P 0
L 0.140368 1.455 0.16 1.455 0 P 0
L 0.145 0.5286615 0.145 0.5799998 0 P 0
L 0.145 1.44 0.145 1.4629904 0 P 0
L 0.1456709 1.5277559 0.4448803 1.5277559 0 P 0
L 0.1459656 1.465 0.17 1.465 0 P 0
L 0.1469077 1.525 0.4436435 1.525 0 P 0
L 0.1497367 1.475 0.4408145 1.475 0 P 0
L 0.1503331 1.515 0.4402181 1.515 0 P 0
L 0.1519643 1.485 0.4385869 1.485 0 P 0
L 0.1522541 1.505 0.4382971 1.505 0 P 0
L 0.1527877 1.495 0.4377635 1.495 0 P 0
L 0.155 0.5286615 0.155 0.5699998 0 P 0
L 0.155 1.45 0.155 1.5277559 0 P 0
L 0.1559445 0.1090555 0.1559445 0.241378 0 P 0
L 0.1559445 0.1090555 0.21 0.055 0 P 0
L 0.1559445 0.241378 0.1559445 0.2609445 0 P 0
L 0.1559445 0.2609445 0.185 0.29 0 P 0
L 0.1622836 0.395 0.164882 0.3924016 0 P 0
L 0.1624805 0.32 0.164882 0.3175985 0 P 0
L 0.165 0.5286615 0.165 0.5599998 0 P 0
L 0.165 1.46 0.165 1.5277559 0 P 0
L 0.1679921 0.4485827 0.1679921 0.4586615 0 P 0
L 0.1679922 0.4485827 0.1679922 0.5286615 0 P 0
L 0.1679922 0.4485827 0.2090945 0.4485827 0 P 0
L 0.1679922 0.455 0.2257481 0.455 0 P 0
L 0.1679922 0.465 0.2257481 0.465 0 P 0
L 0.1679922 0.475 0.2257481 0.475 0 P 0
L 0.1679922 0.485 0.2257481 0.485 0 P 0
L 0.1679922 0.495 0.2257481 0.495 0 P 0
L 0.1679922 0.505 0.2257481 0.505 0 P 0
L 0.1679922 0.515 0.2257481 0.515 0 P 0
L 0.1679922 0.525 0.2257481 0.525 0 P 0
L 0.1749999 0.5499999 0.2257481 0.5499999 0 P 0
L 0.175 0.4485827 0.175 0.5499999 0 P 0
L 0.175 1.47 0.175 1.5277559 0 P 0
L 0.175 1.47 0.415 1.47 0 P 0
L 0.185 0.29 0.24 0.29 0 P 0
L 0.185 0.4485827 0.185 0.5499999 0 P 0
L 0.185 1.47 0.185 1.5277559 0 P 0
L 0.195 0.4485827 0.195 0.5499999 0 P 0
L 0.195 1.47 0.195 1.5277559 0 P 0
L 0.205 0.4485827 0.205 0.5499999 0 P 0
L 0.205 1.47 0.205 1.5277559 0 P 0
L 0.2090945 0.4485827 0.2257481 0.4485827 0 P 0
L 0.2090945 0.4485827 0.2257481 0.4485827 0 P 0
L 0.21 0.055 0.4596851 0.055 0 P 0
L 0.215 0.4485827 0.215 0.5499999 0 P 0
L 0.215 1.47 0.215 1.5277559 0 P 0
L 0.225 0.4485827 0.225 0.5499999 0 P 0
L 0.225 1.47 0.225 1.5277559 0 P 0
L 0.2257481 0.4485827 0.2257481 0.5499999 0 P 0
L 0.2346846 0.2403154 0.2346846 0.241378 0 P 0
L 0.2346846 0.2403154 0.235 0.24 0 P 0
L 0.235 0.165 0.235 0.24 0 P 0
L 0.235 1.47 0.235 1.5277559 0 P 0
L 0.24 0.29 0.2675985 0.3175985 0 P 0
L 0.245 1.47 0.245 1.5277559 0 P 0
L 0.255 1.47 0.255 1.5277559 0 P 0
L 0.265 1.47 0.265 1.5277559 0 P 0
L 0.2675985 0.3175985 0.2751182 0.3175985 0 P 0
L 0.275 1.47 0.275 1.5277559 0 P 0
L 0.2751182 0.3550001 0.2851183 0.345 0 P 0
L 0.2751182 0.3924016 0.2751182 0.9898426 0 P 0
L 0.2751182 0.3924016 0.3479134 0.3924016 0 P 0
L 0.2751182 0.9898426 0.2952756 1.01 0 P 0
L 0.285 1.47 0.285 1.5277559 0 P 0
L 0.2851183 0.345 0.33 0.345 0 P 0
L 0.295 1.47 0.295 1.5277559 0 P 0
L 0.305 1.47 0.305 1.5277559 0 P 0
L 0.315 1.47 0.315 1.5277559 0 P 0
L 0.3244883 0.4529922 0.3244883 0.55 0 P 0
L 0.3244883 0.515 0.3576379 0.515 0 P 0
L 0.3244883 0.525 0.3576379 0.525 0 P 0
L 0.3244883 0.535 0.3576379 0.535 0 P 0
L 0.3244883 0.545 0.5436811 0.545 0 P 0
L 0.3244883 0.55 0.415 0.55 0 P 0
L 0.325 0.4529922 0.325 0.55 0 P 0
L 0.325 1.47 0.325 1.5277559 0 P 0
L 0.326378 0.4529922 0.326378 0.5092914 0 P 0
L 0.326378 0.5092914 0.3576379 0.5092914 0 P 0
L 0.3282673 0.2335827 0.3282673 0.241378 0 P 0
L 0.3282673 0.2335827 0.381811 0.2335827 0 P 0
L 0.3282673 0.235 0.381811 0.235 0 P 0
L 0.3282673 0.241378 0.3282673 0.2614174 0 P 0
L 0.3282673 0.245 0.381811 0.245 0 P 0
L 0.3282673 0.255 0.381811 0.255 0 P 0
L 0.3282673 0.2614174 0.3411419 0.2614174 0 P 0
L 0.33 0.345 0.35 0.325 0 P 0
L 0.335 0.2335827 0.335 0.2614174 0 P 0
L 0.335 0.5092914 0.335 0.55 0 P 0
L 0.335 1.47 0.335 1.5277559 0 P 0
L 0.3411419 0.2614174 0.3411419 0.2963779 0 P 0
L 0.3411419 0.265 0.381811 0.265 0 P 0
L 0.3411419 0.275 0.3563385 0.275 0 P 0
L 0.3411419 0.285 0.3563385 0.285 0 P 0
L 0.3411419 0.295 0.3563385 0.295 0 P 0
L 0.3411419 0.2963779 0.3563385 0.2963779 0 P 0
L 0.345 0.2335827 0.345 0.2963779 0 P 0
L 0.345 0.5092914 0.345 0.55 0 P 0
L 0.345 1.47 0.345 1.5277559 0 P 0
L 0.3479134 0.3924016 0.35 0.390315 0 P 0
L 0.35 0.3051575 0.35 0.325 0 P 0
L 0.35 0.325 0.405 0.27 0 P 0
L 0.355 0.2335827 0.355 0.2963779 0 P 0
L 0.355 0.5092914 0.355 0.55 0 P 0
L 0.355 1.47 0.355 1.5277559 0 P 0
L 0.3563385 0.2670077 0.3563385 0.2963779 0 P 0
L 0.3563385 0.2670077 0.381811 0.2670077 0 P 0
L 0.3576379 0.5092914 0.3576379 0.5386615 0 P 0
L 0.3576379 0.5386615 0.4829923 0.5386615 0 P 0
L 0.365 0.2335827 0.365 0.2670077 0 P 0
L 0.365 0.5386615 0.365 0.55 0 P 0
L 0.365 1.47 0.365 1.5277559 0 P 0
L 0.375 0.2335827 0.375 0.2670077 0 P 0
L 0.375 0.5386615 0.375 0.55 0 P 0
L 0.375 1.47 0.375 1.5277559 0 P 0
L 0.381811 0.2335827 0.381811 0.2670077 0 P 0
L 0.385 0.5386615 0.385 0.55 0 P 0
L 0.385 1.47 0.385 1.5277559 0 P 0
L 0.395 0.5386615 0.395 0.55 0 P 0
L 0.395 1.47 0.395 1.5277559 0 P 0
L 0.405 0.225 0.405 0.27 0 P 0
L 0.405 0.225 0.4374016 0.1925984 0 P 0
L 0.405 0.5386615 0.405 0.55 0 P 0
L 0.405 1.47 0.405 1.5277559 0 P 0
L 0.415 0.5386615 0.415 0.55 0 P 0
L 0.415 0.55 0.54 0.675 0 P 0
L 0.415 1.47 0.415 1.5277559 0 P 0
L 0.415 1.47 0.54 1.345 0 P 0
L 0.42 0.3296849 0.4203151 0.33 0 P 0
L 0.42 0.3903149 0.4203151 0.39063 0 P 0
L 0.42 0.555 0.5436811 0.555 0 P 0
L 0.42 1.465 0.4445856 1.465 0 P 0
L 0.4203151 0.33 0.4896849 0.33 0 P 0
L 0.4203151 0.39063 0.4203151 0.475 0 P 0
L 0.425 0.5386615 0.425 0.56 0 P 0
L 0.425 1.46 0.425 1.5277559 0 P 0
L 0.43 0.565 0.5436811 0.565 0 P 0
L 0.43 1.455 0.4501832 1.455 0 P 0
L 0.435 0.5386615 0.435 0.57 0 P 0
L 0.435 1.45 0.435 1.5277559 0 P 0
L 0.4374016 0.1925984 0.4507874 0.1925984 0 P 0
L 0.44 0.575 0.5436811 0.575 0 P 0
L 0.44 1.445 0.4581759 1.445 0 P 0
L 0.4427559 1.496063 0.511811 1.496063 0 P 0
L 0.445 0.5386615 0.445 0.58 0 P 0
L 0.445 1.44 0.445 1.4641185 0 P 0
L 0.45 0.585 0.5436811 0.585 0 P 0
L 0.45 1.435 0.4699127 1.435 0 P 0
L 0.4507874 0.1925984 0.455 0.1883858 0 P 0
L 0.4507874 0.2674015 0.4625985 0.2674015 0 P 0
L 0.455 0.1396851 0.455 0.1883858 0 P 0
L 0.455 0.1396851 0.4646851 0.13 0 P 0
L 0.455 0.5386615 0.455 0.59 0 P 0
L 0.455 1.43 0.455 1.4485586 0 P 0
L 0.46 0.595 0.5436811 0.595 0 P 0
L 0.46 1.425 0.4909733 1.425 0 P 0
L 0.4625985 0.2674015 0.5 0.23 0 P 0
L 0.465 0.5386615 0.465 0.6 0 P 0
L 0.465 1.42 0.465 1.4386793 0 P 0
L 0.47 0.605 0.5436811 0.605 0 P 0
L 0.47 1.415 0.5436811 1.415 0 P 0
L 0.475 0.5386615 0.475 0.61 0 P 0
L 0.475 1.41 0.475 1.4318049 0 P 0
L 0.48 0.615 0.5436811 0.615 0 P 0
L 0.48 1.405 0.5436811 1.405 0 P 0
L 0.4829923 0.4686615 0.4829923 0.5386615 0 P 0
L 0.4829923 0.485 0.4872591 0.485 0 P 0
L 0.4829923 0.495 0.495264 0.495 0 P 0
L 0.4829923 0.505 0.5436811 0.505 0 P 0
L 0.4829923 0.515 0.5436811 0.515 0 P 0
L 0.4829923 0.525 0.5436811 0.525 0 P 0
L 0.4829923 0.535 0.5436811 0.535 0 P 0
L 0.485 0.4686615 0.485 0.62 0 P 0
L 0.485 1.4 0.485 1.4270316 0 P 0
L 0.49 0.625 0.5436811 0.625 0 P 0
L 0.49 1.395 0.5436811 1.395 0 P 0
L 0.4901575 0.475 0.51 0.475 0 P 0
L 0.4946851 0.405 0.52 0.3796851 0 P 0
L 0.495 0.4948028 0.495 0.63 0 P 0
L 0.495 1.39 0.495 1.4239412 0 P 0
L 0.5 0.1553151 0.5 0.23 0 P 0
L 0.5 0.1553151 0.5253151 0.13 0 P 0
L 0.5 0.635 0.5436811 0.635 0 P 0
L 0.5 1.385 0.5436811 1.385 0 P 0
L 0.505 0.4993341 0.505 0.64 0 P 0
L 0.505 1.38 0.505 1.4223218 0 P 0
L 0.51 0.475 0.51 0.4948425 0 P 0
L 0.51 0.475 0.5298425 0.475 0 P 0
L 0.51 0.645 0.5436811 0.645 0 P 0
L 0.51 1.375 0.5436811 1.375 0 P 0
L 0.511811 1.4270079 0.511811 1.496063 0 P 0
L 0.515 0.4993341 0.515 0.65 0 P 0
L 0.515 1.37 0.515 1.4220766 0 P 0
L 0.52 0.25 0.52 0.3796851 0 P 0
L 0.52 0.25 0.5400001 0.2299999 0 P 0
L 0.52 0.655 0.5436811 0.655 0 P 0
L 0.52 1.365 0.5436811 1.365 0 P 0
L 0.5203151 0.055 0.5253151 0.06 0 P 0
L 0.524736 0.495 0.5436811 0.495 0 P 0
L 0.525 0.4948028 0.525 0.66 0 P 0
L 0.525 1.36 0.525 1.4231918 0 P 0
L 0.5253151 0.06 0.5253151 0.13 0 P 0
L 0.53 0.665 0.5436811 0.665 0 P 0
L 0.53 1.355 0.5436811 1.355 0 P 0
L 0.5326487 1.425 0.5436811 1.425 0 P 0
L 0.5327409 0.485 0.5436811 0.485 0 P 0
L 0.5340203 0.4686615 0.5436811 0.4686615 0 P 0
L 0.5340203 0.4686615 0.5436811 0.4686615 0 P 0
L 0.5348425 0.475 0.5436811 0.475 0 P 0
L 0.535 0.4686615 0.535 0.67 0 P 0
L 0.535 1.35 0.535 1.4257322 0 P 0
L 0.54 0.675 0.54 1.345 0 P 0
L 0.54 0.675 0.5436811 0.675 0 P 0
L 0.54 0.685 0.5436811 0.685 0 P 0
L 0.54 0.695 0.5436811 0.695 0 P 0
L 0.54 0.705 0.5436811 0.705 0 P 0
L 0.54 0.715 0.5436811 0.715 0 P 0
L 0.54 0.725 0.5436811 0.725 0 P 0
L 0.54 0.735 0.5436811 0.735 0 P 0
L 0.54 0.745 0.5436811 0.745 0 P 0
L 0.54 0.755 0.5436811 0.755 0 P 0
L 0.54 0.765 0.5436811 0.765 0 P 0
L 0.54 0.775 0.5436811 0.775 0 P 0
L 0.54 0.785 0.5436811 0.785 0 P 0
L 0.54 0.795 0.5436811 0.795 0 P 0
L 0.54 0.805 0.5436811 0.805 0 P 0
L 0.54 0.815 0.5436811 0.815 0 P 0
L 0.54 0.825 0.5436811 0.825 0 P 0
L 0.54 0.835 0.5436811 0.835 0 P 0
L 0.54 0.845 0.5436811 0.845 0 P 0
L 0.54 0.855 0.5436811 0.855 0 P 0
L 0.54 0.865 0.5436811 0.865 0 P 0
L 0.54 0.875 0.5436811 0.875 0 P 0
L 0.54 0.885 0.5436811 0.885 0 P 0
L 0.54 0.895 0.5436811 0.895 0 P 0
L 0.54 0.905 0.5436811 0.905 0 P 0
L 0.54 0.915 0.5436811 0.915 0 P 0
L 0.54 0.925 0.5436811 0.925 0 P 0
L 0.54 0.935 0.5436811 0.935 0 P 0
L 0.54 0.945 0.5436811 0.945 0 P 0
L 0.54 0.955 0.5436811 0.955 0 P 0
L 0.54 0.965 0.5436811 0.965 0 P 0
L 0.54 0.975 0.5436811 0.975 0 P 0
L 0.54 0.985 0.5436811 0.985 0 P 0
L 0.54 0.995 0.5436811 0.995 0 P 0
L 0.54 1.005 0.5436811 1.005 0 P 0
L 0.54 1.015 0.5436811 1.015 0 P 0
L 0.54 1.025 0.5436811 1.025 0 P 0
L 0.54 1.035 0.5436811 1.035 0 P 0
L 0.54 1.045 0.5436811 1.045 0 P 0
L 0.54 1.055 0.5436811 1.055 0 P 0
L 0.54 1.065 0.5436811 1.065 0 P 0
L 0.54 1.075 0.5436811 1.075 0 P 0
L 0.54 1.085 0.5436811 1.085 0 P 0
L 0.54 1.095 0.5436811 1.095 0 P 0
L 0.54 1.105 0.5436811 1.105 0 P 0
L 0.54 1.115 0.5436811 1.115 0 P 0
L 0.54 1.125 0.5436811 1.125 0 P 0
L 0.54 1.135 0.5436811 1.135 0 P 0
L 0.54 1.145 0.5436811 1.145 0 P 0
L 0.54 1.155 0.5436811 1.155 0 P 0
L 0.54 1.165 0.5436811 1.165 0 P 0
L 0.54 1.175 0.5436811 1.175 0 P 0
L 0.54 1.185 0.5436811 1.185 0 P 0
L 0.54 1.195 0.5436811 1.195 0 P 0
L 0.54 1.205 0.5436811 1.205 0 P 0
L 0.54 1.215 0.5436811 1.215 0 P 0
L 0.54 1.225 0.5436811 1.225 0 P 0
L 0.54 1.235 0.5436811 1.235 0 P 0
L 0.54 1.245 0.5436811 1.245 0 P 0
L 0.54 1.255 0.5436811 1.255 0 P 0
L 0.54 1.265 0.5436811 1.265 0 P 0
L 0.54 1.275 0.5436811 1.275 0 P 0
L 0.54 1.285 0.5436811 1.285 0 P 0
L 0.54 1.295 0.5436811 1.295 0 P 0
L 0.54 1.305 0.5436811 1.305 0 P 0
L 0.54 1.315 0.5436811 1.315 0 P 0
L 0.54 1.325 0.5436811 1.325 0 P 0
L 0.54 1.335 0.5436811 1.335 0 P 0
L 0.54 1.345 0.5436811 1.345 0 P 0
L 0.5400001 0.2299999 0.5492126 0.2299999 0 P 0
L 0.5436811 0.4686615 0.5436811 1.4292165 0 P 0
L 0.5503149 0.33 0.5553151 0.3350002 0 P 0
L 0.5553151 0.3350002 0.5553151 0.405 0 P 0
P 0.0446849 0.32 1 P 0 0 ;0=0,1=0,2
P 0.0446849 0.395 1 P 0 0 ;0=0,1=0,2
P 0.044685 0.465 1 P 0 0 ;0=0,1=0,2
P 0.069724 0.14 4 P 0 0 ;0=3,1=0,2
P 0.0787402 1.496063 8 P 0 0 ;0=6,1=0
P 0.1053149 0.32 1 P 0 0 ;0=0,1=0,2
P 0.1053149 0.395 1 P 0 0 ;0=0,1=0,2
P 0.105315 0.465 1 P 0 0 ;0=0,1=0,2
P 0.1559445 0.241378 3 P 0 0 ;0=2,1=0,2
P 0.164882 0.3175985 5 P 0 0 ;0=4,1=0,2
P 0.164882 0.3550001 5 P 0 0 ;0=4,1=0,2
P 0.164882 0.3924016 5 P 0 0 ;0=4,1=0,2
P 0.1953146 0.241378 3 P 0 0 ;0=2,1=0,2
P 0.2346846 0.241378 3 P 0 0 ;0=2,1=0,2
P 0.26 0.1475 7 P 0 0
P 0.2740547 0.241378 3 P 0 0 ;0=2,1=0,2
P 0.2751182 0.3175985 5 P 0 0 ;0=4,1=0,2
P 0.2751182 0.3550001 5 P 0 0 ;0=4,1=0,2
P 0.2751182 0.3924016 5 P 0 0 ;0=4,1=0,2
P 0.35 0.329685 2 P 0 0 ;0=1,1=0,2
P 0.35 0.390315 2 P 0 0 ;0=1,1=0,2
P 0.3596851 0.475 1 P 0 0 ;0=0,1=0,2
P 0.3602756 0.14 4 P 0 0 ;0=3,1=0,2
P 0.42 0.3296849 2 P 0 0 ;0=1,1=0,2
P 0.42 0.3903149 2 P 0 0 ;0=1,1=0,2
P 0.4203151 0.475 1 P 0 0 ;0=0,1=0,2
P 0.4507874 0.1925984 6 P 0 0 ;0=5,1=0,2
P 0.4507874 0.2674015 6 P 0 0 ;0=5,1=0,2
P 0.4596851 0.055 1 P 0 0 ;0=0,1=0,2
P 0.4646851 0.13 1 P 0 0 ;0=0,1=0,2
P 0.4896849 0.33 1 P 0 0 ;0=0,1=0,2
P 0.4946851 0.405 1 P 0 0 ;0=0,1=0,2
P 0.511811 1.496063 8 P 0 0 ;0=6,1=0
P 0.5203151 0.055 1 P 0 0 ;0=0,1=0,2
P 0.5253151 0.13 1 P 0 0 ;0=0,1=0,2
P 0.5492126 0.2299999 6 P 0 0 ;0=5,1=0,2
P 0.5503149 0.33 1 P 0 0 ;0=0,1=0,2
P 0.5553151 0.405 1 P 0 0 ;0=0,1=0,2
P 0.0446849 0.32 9 P 0 0 ;0=7,1=1
P 0.044685 0.465 9 P 0 0 ;0=7,1=1
P 0.0468701 0.515 9 P 0 0 ;0=7,1=1
P 0.105315 0.465 9 P 0 0 ;0=7,1=1
P 0.175 0.3550001 9 P 0 0 ;0=7,1=1
P 0.235 0.165 9 P 0 0 ;0=7,1=1
P 0.235 0.24 9 P 0 0 ;0=7,1=1
P 0.2740547 0.241378 9 P 0 0 ;0=7,1=1
P 0.2751182 0.3550001 9 P 0 0 ;0=7,1=1
P 0.28 0.13 9 P 0 0 ;0=7,1=1
P 0.2952756 1.01 9 P 0 0 ;0=7,1=1
P 0.35 0.325 9 P 0 0 ;0=7,1=1
P 0.3596851 0.475 9 P 0 0 ;0=7,1=1
P 0.41 0.32 9 P 0 0 ;0=7,1=1
P 0.51 0.475 9 P 0 0 ;0=7,1=1
