#Layer_Color=65535
#
#Feature symbol names
#
$0 r7.874
$1 r19.685
$2 r9.8425
$3 r10
$4 rect11.8111x47.244
$5 rect47.244x11.8111

#
#Feature attribute names
#

#
#Layer features
#
A 0.014567 0.4496457 0.030315 0.4338976 0.0303151 0.4496457 0 P 0 N
A 0.030315 0.4961025 0.014567 0.4803544 0.0303151 0.4803544 0 P 0 N
A 0.1196852 0.4338975 0.1354332 0.4496456 0.1196851 0.4496456 0 P 0 N
A 0.1248815 0.266378 0.1248815 0.266378 0.1209445 0.266378 1 P 0 N
A 0.1354331 0.4803543 0.1196851 0.4961024 0.119685 0.4803543 0 P 0 N
A 0.2879135 0.2861025 0.2879135 0.2861025 0.2829922 0.2861025 2 P 0 N
A 0.3188975 0.315315 0.3346456 0.299567 0.3346456 0.3153151 0 P 0 N
A 0.3346457 0.4204331 0.3188976 0.4046851 0.3346457 0.404685 0 P 0 N
A 0.3653543 0.299567 0.3811024 0.315315 0.3653543 0.3153151 0 P 0 N
A 0.3811025 0.4046852 0.3653544 0.4204332 0.3653544 0.4046851 0 P 0 N
L 0.0145669 0.2888976 0.0145669 0.3511024 0 P 0
L 0.0145669 0.2888976 0.0592519 0.2888976 0 P 0
L 0.0145669 0.3511024 0.0592519 0.3511024 0 P 0
L 0.0145669 0.3638976 0.0145669 0.4261024 0 P 0
L 0.0145669 0.3638976 0.0592519 0.3638976 0 P 0
L 0.0145669 0.4261024 0.0592519 0.4261024 0 P 0
L 0.014567 0.4496457 0.014567 0.4803543 0 P 0
L 0.030315 0.4338976 0.059252 0.4338976 0 P 0
L 0.030315 0.4961024 0.059252 0.4961024 0 P 0
L 0.03248 0.015 0.03248 0.08 3 P 0
L 0.03248 0.015 0.3975199 0.015 3 P 0
L 0.03248 0.2 0.03248 0.24 3 P 0
L 0.03248 0.24 0.13248 0.24 3 P 0
L 0.090748 0.2888976 0.135433 0.2888976 0 P 0
L 0.090748 0.3511024 0.135433 0.3511024 0 P 0
L 0.090748 0.3638976 0.135433 0.3638976 0 P 0
L 0.090748 0.4261024 0.135433 0.4261024 0 P 0
L 0.0907481 0.4961024 0.1196851 0.4961024 0 P 0
L 0.0907482 0.4338975 0.1196852 0.4338975 0 P 0
L 0.135433 0.2888976 0.135433 0.3511024 0 P 0
L 0.135433 0.3638976 0.135433 0.4261024 0 P 0
L 0.1354331 0.4496457 0.1354331 0.4803543 0 P 0
L 0.200315 0.299882 0.200315 0.4101182 3 P 0
L 0.200315 0.299882 0.239685 0.299882 3 P 0
L 0.200315 0.4101182 0.239685 0.4101182 3 P 0
L 0.239685 0.299882 0.239685 0.4101182 3 P 0
L 0.2975199 0.24 0.3975199 0.24 3 P 0
L 0.3188976 0.315315 0.3188976 0.344252 0 P 0
L 0.3188976 0.3757481 0.3188976 0.4046851 0 P 0
L 0.329567 0.4438976 0.329567 0.5061024 0 P 0
L 0.329567 0.4438976 0.374252 0.4438976 0 P 0
L 0.329567 0.5061024 0.374252 0.5061024 0 P 0
L 0.3346457 0.299567 0.3653543 0.299567 0 P 0
L 0.3346457 0.4204331 0.3653543 0.4204331 0 P 0
L 0.3811024 0.315315 0.3811024 0.344252 0 P 0
L 0.3811025 0.3757482 0.3811025 0.4046852 0 P 0
L 0.3888976 0.2995669 0.3888976 0.3442519 0 P 0
L 0.3888976 0.2995669 0.4511024 0.2995669 0 P 0
L 0.3888976 0.375748 0.3888976 0.4111811 0 P 0
L 0.3888976 0.4111811 0.3964961 0.4190551 0 P 0
L 0.3964961 0.4190551 0.4435039 0.4190551 0 P 0
L 0.3975199 0.015 0.3975199 0.08 3 P 0
L 0.3975199 0.2 0.3975199 0.24 3 P 0
L 0.4057481 0.4438976 0.4504331 0.4438976 0 P 0
L 0.4057481 0.5061024 0.4504331 0.5061024 0 P 0
L 0.429567 0.0238976 0.429567 0.0861024 0 P 0
L 0.429567 0.0238976 0.474252 0.0238976 0 P 0
L 0.429567 0.0861024 0.474252 0.0861024 0 P 0
L 0.434567 0.0988976 0.434567 0.1611024 0 P 0
L 0.434567 0.0988976 0.479252 0.0988976 0 P 0
L 0.434567 0.1611024 0.479252 0.1611024 0 P 0
L 0.4435039 0.4190551 0.4511024 0.4111811 0 P 0
L 0.4504331 0.4438976 0.4504331 0.5061024 0 P 0
L 0.4511024 0.2995669 0.4511024 0.3442519 0 P 0
L 0.4511024 0.375748 0.4511024 0.4111811 0 P 0
L 0.4595669 0.2988976 0.4595669 0.3611024 0 P 0
L 0.4595669 0.2988976 0.5042519 0.2988976 0 P 0
L 0.4595669 0.3611024 0.5042519 0.3611024 0 P 0
L 0.4645669 0.218189 0.4645669 0.241811 0 P 0
L 0.4659449 0.3814961 0.4659449 0.4285039 0 P 0
L 0.4659449 0.3814961 0.4738189 0.3738976 0 P 0
L 0.4659449 0.4285039 0.4738189 0.4361024 0 P 0
L 0.4738189 0.3738976 0.509252 0.3738976 0 P 0
L 0.4738189 0.4361024 0.509252 0.4361024 0 P 0
L 0.4935039 0.1725196 0.5255905 0.1725196 3 P 0
L 0.4935039 0.2874802 0.5255905 0.2874802 3 P 0
L 0.5057481 0.0238976 0.5504331 0.0238976 0 P 0
L 0.5057481 0.0861024 0.5504331 0.0861024 0 P 0
L 0.5107481 0.0988976 0.5554331 0.0988976 0 P 0
L 0.5107481 0.1611024 0.5554331 0.1611024 0 P 0
L 0.5255905 0.1725196 0.5255905 0.1985039 3 P 0
L 0.5255905 0.1725196 0.5255905 0.1985039 3 P 0
L 0.5255905 0.1725196 0.5255905 0.1985039 3 P 0
L 0.5255905 0.261496 0.5255905 0.2874802 3 P 0
L 0.535748 0.2988976 0.580433 0.2988976 0 P 0
L 0.535748 0.3611024 0.580433 0.3611024 0 P 0
L 0.5407481 0.3738976 0.5854331 0.3738976 0 P 0
L 0.5407481 0.4361024 0.5854331 0.4361024 0 P 0
L 0.5504331 0.0238976 0.5504331 0.0861024 0 P 0
L 0.5554331 0.0988976 0.5554331 0.1611024 0 P 0
L 0.580433 0.2988976 0.580433 0.3611024 0 P 0
L 0.5854331 0.3738976 0.5854331 0.4361024 0 P 0
P 0.42 0.4318504 5 P 0 0
P 0.4531496 0.405 4 P 0 0
